#!/usr/bin/python3
import os
# import numpy as np
# import pandas as pd
# from scipy import stats
from skbio import DistanceMatrix
from skbio.stats.distance import mantel

os.chdir('/Users/kika/ownCloud/Mic60-Mgm1-Opa1/coevolution-test/pearson_correlation/')
# opa = pd.read_csv('opa1.tsv', sep='\t')
# mic60 = pd.read_csv('mic60.tsv', sep='\t')

# opa = opa.set_index('Unnamed: 0')
# mic60 = mic60.set_index('Unnamed: 0')

# a = np.asarray(opa)
# b = np.asarray(mic60)
# x = stats.pearsonr(a, b)
# print(b)


opa = [[0, 118.76, 120.8, 117.27, 105.76, 127.14, 122.61, 126.16, 115.2, 118.69, 116.26, 116.42, 117.2, 116.39, 115.46],
[118.76, 0, 120.85, 118, 102.47, 120.96, 119.38, 116.82, 112.17, 112.83, 110.27, 114.55, 113.8, 114.06, 111.84],
[120.8, 120.85, 0, 22.48, 83.1, 85.03, 89.03, 112.46, 110, 115.18, 114.07, 111.68, 110.83, 113.33, 114.69],
[117.27, 118, 22.48, 0, 82.24, 86.96, 90.09, 117.07, 108.64, 116.31, 114.44, 114.3, 112.8, 115.18, 116.19],
[105.76, 102.47, 83.1, 82.24, 0, 81.56, 57.18, 105.67, 106.9, 112.76, 108.33, 105.51, 103.01, 105.51, 105.33],
[127.14, 120.96, 85.03, 86.96, 81.56, 0, 77.57, 112.74, 110.44, 118.32, 114.7, 116.91, 112.98, 117.36, 117.36],
[122.61, 119.38, 89.03, 90.09, 57.18, 77.57, 0, 108.15, 107.83, 111.14, 108.72, 109.03, 107.32, 109.26, 110.88],
[126.16, 116.82, 112.46, 117.07, 105.67, 112.74, 108.15, 0, 59.71, 51.54, 51.19, 53.04, 48.43, 52.12, 52.12],
[115.2, 112.17, 110, 108.64, 106.9, 110.44, 107.83, 59.71, 0, 55.93, 53.61, 54.96, 51.54, 54.02, 54.78],
[118.69, 112.83, 115.18, 116.31, 112.76, 118.32, 111.14, 51.54, 55.93, 0, 14.88, 28.7, 27.36, 28.88, 25.2],
[116.26, 110.27, 114.07, 114.44, 108.33, 114.7, 108.72, 51.19, 53.61, 14.88, 0, 24.18, 23.01, 24.56, 20.55],
[116.42, 114.55, 111.68, 114.3, 105.51, 116.91, 109.03, 53.04, 54.96, 28.7, 24.18, 0, 2.69, 4.73, 14.06],
[117.2, 113.8, 110.83, 112.8, 103.01, 112.98, 107.32, 48.43, 51.54, 27.36, 23.01, 2.69, 0, 3.83, 13.42],
[116.39, 114.06, 113.33, 115.18, 105.51, 117.36, 109.26, 52.12, 54.02, 28.88, 24.56, 4.73, 3.83, 0, 14.92],
[115.46, 111.84, 114.69, 116.19, 105.33, 117.36, 110.88, 52.12, 54.78, 25.2, 20.55, 14.06, 13.42, 14.92, 0]]